	G	A	T	C
egg_22_merged.siRNAs.bam.egg_specific.fastqc_data.txt	13.96587523697752	24.004694411844362	38.774036291414646	23.255394059763475
sperm_24_merged.siRNAs.bam.egg_specific.fastqc_data.txt	15.445394638630013	67.82324966411466	7.915164957028001	8.816190740227334
seedling_21_merged.siRNAs.bam.sperm_specific.fastqc_data.txt	9.30072156196944	23.015704584040748	50.84889643463497	16.834677419354836
sperm_21_merged.siRNAs.bam.intersection.fastqc_data.txt	22.104263954960064	29.42434425871776	25.711386549120586	22.76000523720159
seedling_21_merged.siRNAs.bam.seedling_specific.fastqc_data.txt	7.6532323025988696	18.53703282599563	64.56164557791404	9.248089293491457
seedling_22_merged.siRNAs.bam.seedling.fastqc_data.txt	12.792498206468922	21.49421914829746	52.52069556781582	13.19258707741779
seedling_24_merged.siRNAs.bam.intersection.fastqc_data.txt	18.97524083965324	61.03838363134352	12.630517609327338	7.355857919675906
seedling_24_merged.siRNAs.bam.seedling.fastqc_data.txt	16.67804739333059	66.10578098651882	12.268159202177854	4.948012417972733
egg_21_merged.siRNAs.bam.egg.fastqc_data.txt	16.55881897086175	25.11914910105394	32.70400650960942	25.618025418474893
sperm_21_merged.siRNAs.bam.seedling_specific.fastqc_data.txt	22.3463687150838	38.660156800150226	32.327120792451055	6.666353692314915
sperm_24_merged.siRNAs.bam.sperm_specific.fastqc_data.txt	13.338679707626708	72.32019540473887	8.318329415279624	6.022795472354789
sperm_22_merged.siRNAs.bam.sperm_specific.fastqc_data.txt	6.759289888631602	49.222626529937145	35.77020619693461	8.247877384496636
sperm_22_merged.siRNAs.bam.seedling.fastqc_data.txt	13.21180330699823	41.91112981910806	30.23086387773605	14.646202996157665
sperm_24_merged.siRNAs.bam.sperm.fastqc_data.txt	14.374837599015159	64.61195064348823	11.681065459995656	9.332146297500957
seedling_21_merged.siRNAs.bam.sperm.fastqc_data.txt	15.253898773363513	19.939084266764308	43.884848182236794	20.922168777635385
ovary_22_merged.siRNAs.bam.intersection.fastqc_data.txt	27.960749640810267	20.27566825078548	30.724931714479688	21.038650393924563
egg_24_merged.siRNAs.bam.intersection.fastqc_data.txt	18.46733486991209	42.396100490325814	14.316326710646823	24.82023792911528
seedling_24_merged.siRNAs.bam.seedling_specific.fastqc_data.txt	16.335837656517622	66.6507749566857	12.300956719085084	4.712430667711613
egg_22_merged.siRNAs.bam.sperm.fastqc_data.txt	17.69917640623435	26.476729046125875	33.88830250313951	21.935792044500257
egg_21_merged.siRNAs.bam.sperm.fastqc_data.txt	16.397605659350624	24.822137573815425	33.10357337202975	25.6766833948042
seedling_22_merged.siRNAs.bam.egg_specific.fastqc_data.txt	13.702208501543575	23.003245468218157	40.584184279268584	22.710361750969682
seedling_24_merged.siRNAs.bam.sperm.fastqc_data.txt	18.493966638235992	62.5637942364966	12.450817265342078	6.491421859925335
seedling_22_merged.siRNAs.bam.sperm_specific.fastqc_data.txt	9.015157227961692	22.321091923685994	52.66948193952191	15.994268908830406
sperm_24_merged.siRNAs.bam.intersection.fastqc_data.txt	17.602825940710566	51.628033444361364	16.17977633438736	14.589364280540718
seedling_21_merged.siRNAs.bam.egg_specific.fastqc_data.txt	15.235195296094078	26.952960940781185	39.44771104577908	18.36413271734565
ovary_22_merged.siRNAs.bam.sperm.fastqc_data.txt	23.03244295866423	22.535614489736883	34.2441855263668	20.187757025232088
ovary_22_merged.siRNAs.bam.seedling_specific.fastqc_data.txt	8.546933262867377	29.848204586159312	48.043101676502545	13.561760474470772
ovary_21_merged.siRNAs.bam.sperm_specific.fastqc_data.txt	8.939130434782609	30.991304347826087	45.80869565217392	14.26086956521739
egg_24_merged.siRNAs.bam.seedling.fastqc_data.txt	17.666001560413573	45.396779953275015	14.496220258713949	22.44099822759747
ovary_24_merged.siRNAs.bam.sperm_specific.fastqc_data.txt	16.45034316481925	57.262692476563885	10.645427165096557	15.641537193520309
sperm_21_merged.siRNAs.bam.seedling.fastqc_data.txt	21.089449167725334	31.77139320499039	28.06036027232157	19.078797354962703
egg_21_merged.siRNAs.bam.seedling_specific.fastqc_data.txt	7.7623335943617855	24.246280344557558	55.07047768206734	12.920908379013312
egg_22_merged.siRNAs.bam.intersection.fastqc_data.txt	21.408376329772604	25.410620578884256	29.841912452282205	23.339090639060935
egg_21_merged.siRNAs.bam.sperm_specific.fastqc_data.txt	7.662082514734774	30.451866404715126	40.72842677950733	21.15762430104277
ovary_24_merged.siRNAs.bam.seedling_specific.fastqc_data.txt	14.602731477680159	58.47299997263048	13.412485973123136	13.511782576566219
ovary_24_merged.siRNAs.bam.intersection.fastqc_data.txt	16.219364878258506	52.47457020943076	13.108854912748283	18.197209999562457
ovary_24_merged.siRNAs.bam.egg.fastqc_data.txt	15.472642733610614	53.68250754507111	13.290271588082861	17.554578133235417
ovary_24_merged.siRNAs.bam.seedling.fastqc_data.txt	15.773459860725675	54.29853215733914	13.197299493040635	16.730708488894557
ovary_21_merged.siRNAs.bam.seedling.fastqc_data.txt	20.208504229545625	24.879450354379067	35.40752507562836	19.504520340446955
egg_24_merged.siRNAs.bam.egg.fastqc_data.txt	17.883936330101896	44.16480176885361	14.275023932198149	23.67623796884635
egg_22_merged.siRNAs.bam.seedling.fastqc_data.txt	19.206772814973764	26.149990082406187	32.7659267540617	21.877310348558343
sperm_22_merged.siRNAs.bam.intersection.fastqc_data.txt	15.573376802945843	39.37298965170943	27.918552694776373	17.135080850568354
egg_22_merged.siRNAs.bam.sperm_specific.fastqc_data.txt	9.157185463382305	31.547553297249532	44.08483375676571	15.210427482602451
sperm_21_merged.siRNAs.bam.egg_specific.fastqc_data.txt	13.867085295656725	38.0559916274202	31.907378335949765	16.16954474097331
sperm_24_merged.siRNAs.bam.seedling.fastqc_data.txt	14.659220068888724	60.84939679096254	14.325969432793109	10.165413707355631
egg_21_merged.siRNAs.bam.intersection.fastqc_data.txt	19.0159519654855	24.092826424478915	29.337327049642077	27.55389456039351
sperm_21_merged.siRNAs.bam.sperm.fastqc_data.txt	15.870671875681502	36.726046943442306	28.586026630776807	18.81725455009938
seedling_22_merged.siRNAs.bam.egg.fastqc_data.txt	16.520594066092023	22.892478667933645	41.04197919128678	19.544948074687557
ovary_22_merged.siRNAs.bam.sperm_specific.fastqc_data.txt	7.395891171571349	31.571349250416436	45.08606329816768	15.94669627984453
sperm_24_merged.siRNAs.bam.egg.fastqc_data.txt	15.652338705767765	57.9203742634388	13.926791215474726	12.50049581531871
egg_24_merged.siRNAs.bam.sperm.fastqc_data.txt	17.733849548501375	44.72154819035482	14.028080815551695	23.51652144559212
egg_24_merged.siRNAs.bam.egg_specific.fastqc_data.txt	17.854138550826377	43.77659027227229	14.364647571093991	24.004623605807346
egg_21_merged.siRNAs.bam.egg_specific.fastqc_data.txt	13.056930693069308	26.794554455445546	35.82920792079208	24.31930693069307
sperm_21_merged.siRNAs.bam.egg.fastqc_data.txt	17.4829537211664	34.559698244595964	27.210938633396196	20.746409400841433
egg_22_merged.siRNAs.bam.egg.fastqc_data.txt	17.803656863108706	26.023810406853837	33.66094277343026	22.511589956607203
sperm_22_merged.siRNAs.bam.egg.fastqc_data.txt	11.882577627089548	44.870281753610435	29.62211111349542	13.625029505804598
ovary_21_merged.siRNAs.bam.sperm.fastqc_data.txt	19.433373095196412	24.88061263124468	35.442069136787595	20.24394513677131
seedling_22_merged.siRNAs.bam.sperm.fastqc_data.txt	16.23287533038759	22.4562677804007	42.11306821620967	19.19778867300204
egg_22_merged.siRNAs.bam.seedling_specific.fastqc_data.txt	9.755514852273633	27.07653101855539	49.76507127498606	13.402882854184917
ovary_21_merged.siRNAs.bam.intersection.fastqc_data.txt	22.557289215508817	23.577143270876753	32.461561535159625	21.40400597845481
seedling_22_merged.siRNAs.bam.seedling_specific.fastqc_data.txt	11.300328129336286	20.656639585566662	57.864492923180734	10.17853936191632
seedling_24_merged.siRNAs.bam.egg.fastqc_data.txt	18.063428296493473	64.04416072936628	11.950544366690362	5.941866607449876
ovary_21_merged.siRNAs.bam.seedling_specific.fastqc_data.txt	7.488377936926749	27.574653432173218	55.764962097415925	9.172006533484106
ovary_22_merged.siRNAs.bam.egg_specific.fastqc_data.txt	9.752580887017706	28.242689889843703	42.24003691100986	19.764692312128727
ovary_21_merged.siRNAs.bam.egg_specific.fastqc_data.txt	12.897102897102897	27.27272727272727	41.88811188811189	17.942057942057943
seedling_24_merged.siRNAs.bam.egg_specific.fastqc_data.txt	22.345238291081976	58.69264809910014	11.940875516146544	7.021238093671345
ovary_22_merged.siRNAs.bam.seedling.fastqc_data.txt	24.82097482097482	21.801141801141803	33.37095337095337	20.006930006930006
egg_21_merged.siRNAs.bam.seedling.fastqc_data.txt	17.319399350649352	24.786931818181817	32.83166486291486	25.062003968253972
ovary_22_merged.siRNAs.bam.egg.fastqc_data.txt	22.58001773404651	22.72761076628243	34.61399845542176	20.078373044249307
seedling_21_merged.siRNAs.bam.seedling.fastqc_data.txt	10.358713460377684	21.460938173665603	54.73786324049323	13.442485125463483
ovary_24_merged.siRNAs.bam.egg_specific.fastqc_data.txt	16.247657357041643	52.79811151959984	12.850416941471474	18.103814181887042
seedling_21_merged.siRNAs.bam.intersection.fastqc_data.txt	17.12492575108638	18.999124644386782	40.339043986619565	23.536905617907276
egg_24_merged.siRNAs.bam.sperm_specific.fastqc_data.txt	13.711034684618761	61.431655202692816	11.68227718425289	13.175032928435535
sperm_22_merged.siRNAs.bam.sperm.fastqc_data.txt	10.731752560402672	45.811498714001864	30.87929453816436	12.577454187431108
sperm_24_merged.siRNAs.bam.seedling_specific.fastqc_data.txt	11.45367669965956	70.57326562095331	12.301207487397765	5.67185019198937
sperm_22_merged.siRNAs.bam.seedling_specific.fastqc_data.txt	5.8516610527706225	50.45241397529886	36.982365761838714	6.713559210091804
sperm_21_merged.siRNAs.bam.sperm_specific.fastqc_data.txt	8.630175636594483	48.76207942441984	33.37095295196445	9.236791987021231
seedling_22_merged.siRNAs.bam.intersection.fastqc_data.txt	20.201102718551805	22.134047232048953	35.51805462599994	22.146795423399304
ovary_21_merged.siRNAs.bam.egg.fastqc_data.txt	19.23460806966253	25.781581553260718	34.92793260087078	20.055877776205968
ovary_24_merged.siRNAs.bam.sperm.fastqc_data.txt	15.490955286454922	53.68725317711355	13.231063654569617	17.59072788186191
egg_24_merged.siRNAs.bam.seedling_specific.fastqc_data.txt	15.254496162510979	53.30927743200071	14.754922550180103	16.681303855308208
seedling_21_merged.siRNAs.bam.egg.fastqc_data.txt	14.829419086290274	25.773327348038116	39.964598339080574	19.432655226591034
seedling_24_merged.siRNAs.bam.sperm_specific.fastqc_data.txt	19.07634019945129	63.585768410050946	10.704611766755216	6.633279623742543
sperm_22_merged.siRNAs.bam.egg_specific.fastqc_data.txt	13.34005376344086	43.47278225806452	32.316868279569896	10.870295698924732
